0. 360. 635.
 360.   0. 290.
 635. 290.   0.
  0. 383. 349. 509.
 383.   0. 167. 293.
 349. 167.   0. 429.
 509. 293. 429.   0.
  0. 347. 384. 277. 350.
 347.   0. 715. 167. 169.
 384. 715.   0. 542. 721.
 277. 167. 542.   0. 299.
 350. 169. 721. 299.   0.
  0. 530. 298. 416. 549. 795.
 530.   0. 434. 584. 265. 529.
 298. 434.   0. 546. 249. 494.
 416. 584. 546.   0. 656. 920.
 549. 265. 249. 656.   0. 276.
 795. 529. 494. 920. 276.   0.
  0. 503. 523. 327. 376. 666. 548.
 503.   0. 347. 384. 277. 350. 512.
 523. 347.   0. 715. 167. 169. 179.
 327. 384. 715.   0. 542. 721. 777.
 376. 277. 167. 542.   0. 299. 229.
 666. 350. 169. 721. 299.   0. 353.
 548. 512. 179. 777. 229. 353.   0.
  0. 353. 289. 434. 284. 223. 498. 131.
 353.   0. 121. 630. 138. 391. 694. 310.
 289. 121.   0. 505. 235. 289. 569. 208.
 434. 630. 505.   0. 571. 226.  80. 303.
 284. 138. 235. 571.   0. 360. 635. 279.
 223. 391. 289. 226. 360.   0. 290.  92.
 498. 694. 569.  80. 635. 290.   0. 367.
 131. 310. 208. 303. 279.  92. 367.   0.
  0. 556. 916. 654. 302. 209. 673. 287. 122.
 556.   0. 399. 128. 471. 425. 438. 278. 568.
 916. 399.   0. 336. 627. 838. 327. 665. 964.
 654. 128. 336.   0. 503. 523. 327. 376. 666.
 302. 471. 627. 503.   0. 347. 384. 277. 350.
 209. 425. 838. 523. 347.   0. 715. 167. 169.
 673. 438. 327. 327. 384. 715.   0. 542. 721.
 287. 278. 665. 376. 277. 167. 542.   0. 299.
 122. 568. 964. 666. 350. 169. 721. 299.   0.
  0. 399. 128. 471. 425. 438. 278. 568. 450. 340.
 399.   0. 336. 627. 838. 327. 665. 964. 900. 775.
 128. 336.   0. 503. 523. 327. 376. 666. 548. 438.
 471. 627. 503.   0. 347. 384. 277. 350. 512. 387.
 425. 838. 523. 347.   0. 715. 167. 169. 179. 120.
 438. 327. 327. 384. 715.   0. 542. 721. 777. 652.
 278. 665. 376. 277. 167. 542.   0. 299. 229. 104.
 568. 964. 666. 350. 169. 721. 299.   0. 353. 289.
 450. 900. 548. 512. 179. 777. 229. 353.   0. 121.
 340. 775. 438. 387. 120. 652. 104. 289. 121.   0.
  0. 877. 734. 392. 404. 346. 577. 970. 577. 640. 209.
 877.   0. 154. 578. 627. 626. 307.  93. 529. 422. 860.
 734. 154.   0. 435. 484. 483. 164. 247. 396. 287. 717.
 392. 578. 435.   0. 385.  54. 276. 671. 191. 254. 288.
 404. 627. 484. 385.   0. 377. 326. 720. 471. 534. 416.
 346. 626. 483.  54. 377.   0. 324. 719. 239. 302. 242.
 577. 307. 164. 276. 326. 324.   0. 400. 250. 249. 558.
 970.  93. 247. 671. 720. 719. 400.   0. 622. 515. 953.
 577. 529. 396. 191. 471. 239. 250. 622.   0. 115. 473.
 640. 422. 287. 254. 534. 302. 249. 515. 115.   0. 536.
 209. 860. 717. 288. 416. 242. 558. 953. 473. 536.   0.
