 3.04810109e+00,  5.91764697e-01, -3.57456569e+00,  5.31746183e-01,
       -6.99900479e+00, -3.14281104e+00,  4.81387973e+00, -4.14401282e+00,
        2.40140506e+00,  5.19389396e+00,  4.51650256e+00,  1.37613092e+00,
       -1.54167950e+00, -3.56055502e-01, -4.05312775e+00, -6.29194474e+00,
       -1.41678378e+00, -1.09224747e+00,  7.05218495e+00,  4.05296935e+00,
        3.13737758e+00,  3.16707225e+00, -2.40022477e-01, -2.53035648e+00,
       -2.13216853e+00,  1.63861418e+00, -1.11081967e+00, -4.22849207e+00,
        1.38656030e+00,  5.08526354e+00, -6.19599234e+00,  5.09434011e+00,
        6.11536504e-01,  5.60368215e+00, -2.93823139e-04,  6.25086071e+00,
        3.14056093e+00, -2.20343479e+00,  2.42243717e+00,  5.37262999e+00,
       -5.61549270e+00,  3.28177462e-01, -1.52760205e+00, -2.57827112e+00,
       -4.67513104e+00,  4.81420651e+00, -3.13341203e+00,  5.19490775e+00,
        3.25748620e+00,  4.93286026e-03,  5.27026984e+00, -5.02048909e+00,
       -2.43620725e+00, -6.27103414e+00, 0.06037519,  1.28507392,  2.51409948, -3.07606149,  4.84652217,
       -3.50438426,  2.92969057, -0.02921176, -2.33375545, -4.6706685 ,
        2.79024067, -5.34281806,  0.69855249, -6.14695867, -1.29723269,
        5.19244681, -5.95979056, -3.11687179,  6.79415936, -6.37128437,
       -0.74182532,  4.22499187, -3.50971619,  3.33960348,  3.76996162,
       -2.66282077, -4.8659007 , -1.7854511 , -5.41272189, -2.71523179,
        2.9890683 ,  1.50624969, -1.92051459, -6.1063831 ,  0.3780499 ,
       -6.46680031,  1.32722331, -0.04316502,  3.12292313, -3.4134613 ,
       -5.9038687 ,  4.19162593,  0.14450663,  4.05341755,  3.00259373,
       -3.33716038,  1.56211656, -1.01785407, -0.30861799, -0.58606073,
       -3.6288626 , -4.34338154, -3.8503326 , -1.74160906,  6.01260348,
       -6.36067253,  5.52782773, -3.74330477,  2.79796022,  2.06872869,
       -3.01712821, -5.03942129,  3.42458624,  0.12676829, -6.30634401,
        3.20630194, -1.73608362,  3.33798704, -2.94374446, -1.27592191,
        3.18085845, -3.24738751,  6.30538723,  3.09337913, -1.9014666 ,
        6.09350107,  1.2743083 , -1.2190233 ,  6.65287289, -0.825969  ,
       -2.51221565, -5.46396944,  2.03076852,  5.7976734 , -1.85916178,
        3.12103055, -5.9811108 ,  3.53147426, -3.14393582,  1.80155885,
        4.05851484,  3.04406524, -1.66988828,  6.44802265, -5.78823373,
        2.41281985, -1.74920585e+00, -1.56426289e+00, -1.50112807e+00, -1.51739048e+00,
       -3.63176157e+00,  1.53202252e+00,  1.54858405e+00,  1.61160117e+00,
       -1.22339130e+00,  3.09547705e+00, -1.41807682e+00, -2.23227724e+00,
       -4.95133246e-03,  3.18825345e+00,  1.52373813e+00,  1.59149335e+00,
       -1.57651577e+00,  1.34907901e+00, -1.71198307e+00,  1.77470146e+00,
       -4.49107593e+00,  1.57335669e+00, -4.48185186e+00, -1.55645553e+00,
        1.59652956e+00,  1.57225809e+00,  1.56684103e+00,  1.57900236e+00,
       -1.57288761e+00,  1.57723785e+00,  1.52410588e+00,  1.53423878e+00,
       -1.56598286e+00, -4.74604802e-01,  1.57320288e+00, -1.57734715e+00,
        1.03357029e+00,  2.08170202e+00, -1.56723480e+00, -1.70082605e+00,
        4.70507815e+00, -1.57906826e+00,  1.56396502e+00,  4.99630468e+00,
        1.51030125e+00, -2.49070547e+00,  2.91532081e+00, -7.59468413e-01,
        1.90579036e+00, -1.54353131e+00, -2.28093320e+00,  4.56572162e+00,
        1.57008691e+00, -1.47846811e+00, -1.56358568e+00,  2.11864148e+00,
        1.63232841e+00, -1.51531090e+00,  3.63482670e+00,  1.60211870e+00,
        1.58389693e+00, -4.68155613e+00, -1.25078788e+00, -3.17354142e+00,
        3.75863803e+00, -3.12136428e+00, -2.26017698e+00, -4.82069641e-02,
       -1.54612890e+00, -1.55844407e+00,  4.71434378e+00,  1.84870029e+00,
       -2.56857840e-04, -3.12595430e+00, -2.76782953e+00, -1.02261174e+00,
       -1.94111234e+00, -1.70725041e+00, -4.66605364e+00,  1.58770978e+00,
        1.74372585e+00,  4.72496357e+00,  1.55476759e+00, -1.58336563e+00,
        1.56421360e+00, -1.57142209e+00, -1.56604174e+00,  1.54885297e+00,
        1.54886126e+00,  4.70116335e+00,  1.57476904e+00,  2.78835230e+00,
        2.72423491e+00, -1.54262790e+00, -1.45348578e+00, -1.56912961e+00,
       -1.56503924e+00, -1.61653843e+00, -1.38595949e+00,  1.64564374e+00, -5.08647761, -3.68927923,  4.9344808 ,  2.59463694, -3.55551936,
       -3.66238173, -3.01079635,  3.03288513, -2.30051234, -2.68698064,
       -3.31782574,  1.26509032, -3.396928  , -0.37648399,  7.54735226,
        1.85317282, -5.24393899, -8.40099479,  2.03897289, -2.08863586,
       -5.27583914, -3.17012267, -4.68845542,  7.71715317,  0.6671992 ,
        0.89472133, -3.18828281,  0.90570881, -2.51433087, -6.50317354,
       -3.49627482,  1.57736632,  1.49220901, -4.77587602,  3.60549748,
       -2.91141526,  5.8202508 ,  3.11193901, -8.1316167 , -5.19576258,
        0.8365895 , -4.43320392, -2.02808307,  5.2947593 ,  2.46047978,
       -6.91326019,  7.00222078,  1.04713129, -5.54572739,  1.21406765,
       -2.76766689,  3.16606697,  0.12291939,  1.8551236 ,  4.84916579,
       -2.78471904, -3.1363656 ,  7.66696421, -0.70050197, -3.56982643,
       -9.94615519,  3.61122188,  1.61459375, -3.45105106, -5.66415072,
       -0.04526008,  5.09714017,  1.64140901, -6.28662593,  2.91846348,
       -3.34253341,  2.15923381, -6.21055305,  3.46399889,  4.80900063,
        4.42995321,  6.68776707, -1.75600888, -5.46817269,  0.80510033,
        0.01778502, -2.82372838, -0.17877483, -3.59619422,  1.06657896,
       -3.10174245, -2.84723231, -1.98302063,  5.27962808,  0.78788913,
        6.4015012 , -5.97923476,  3.03492977,  3.61078424,  1.80745253,
        6.25071155,  2.26500524,  2.89370784,  1.86415224, -7.6843478 ,
       -3.67825922, -2.69083007,  2.60587445, -0.90043629,  4.3579235 ,
       -6.99636491, -6.5381364 ,  1.09522015,  1.27792171,  6.85546095,
       -5.47154395, -0.10382858,  3.50748621,  3.23869799, -5.21407446,
        4.20690596,  3.42095393, -0.18580665,  2.98818994, -1.94843637,
       -7.96215511, -1.41363605, -4.14048131,  5.52651457,  7.23055431,
       -4.4793182 , -6.54380366, -0.91069486,  1.24394212, -3.27420246,
       -4.7561258 ,  5.67155282, -3.73480242,  6.3277134 , -7.42475338,
       -7.10529707, -4.52021845, -5.21410817,  3.567825  ,  2.98423348,
        4.93790712,  4.47259773,  0.12006049,  0.26683673,  5.54168458,
       -5.88636766,  3.0588053 ,  6.89207767, -2.11552758, -3.07753732,
        1.03131553,  2.74664209, -4.31233241, -6.27448557, -0.65065666,
        3.51964474, -5.86490685, -3.43144141, -2.23750268, -3.55429732,
        2.01103543,  3.02341289, -9.38091715,  0.47846302,  2.98002219,
        0.14279934,  3.17449959,  2.56364246, -7.83450014,  2.60496615,
       -5.01233667,  3.55071588,  3.82736265, -6.08049905,  0.87912195,
       -4.31119359,  0.44918402, -5.06567145, -2.90377782,  6.98001141,
        1.1958258 ,  5.44246625,  1.28215803, -0.88999127, -1.39204856,
        6.31726069, -3.46331171,  2.84006886,  2.50390133, -8.5462371 ,
       -3.67486502,  7.85341171, -3.16021874,  6.28958154,  8.75671812,
       -0.1938269 , -6.89014985, -2.20881349,  4.15994807,  2.59861001,
        3.2078532 , -1.73356441, -0.24224576, -0.21862222,  8.0303403 ,
       -1.50780014,  3.5832819 ,  6.2803653 , -6.15195237,  6.31193872,
       -4.18239026, -1.02918782, -3.19279296, -5.92033296, -2.01242232,
        7.28535761, 2.69992095e+00, -2.44923641e+00, -5.33480029e+00,  2.63676688e-02,
       -3.87311589e+00, -7.82194743e+00, -3.09691263e+00,  6.90508238e+00,
       -2.85731159e+00, -7.05964936e-02,  1.35029591e+00, -5.52019509e+00,
       -2.12631087e+00,  3.34655806e+00, -1.69325923e+00,  5.32533144e+00,
        1.66192287e+00, -3.43977151e+00,  2.62038702e+00,  5.05827458e+00,
       -5.29515901e+00,  2.83525033e+00,  6.26801326e+00, -3.10163126e+00,
        3.67460849e+00,  4.45019822e+00,  4.18298001e+00,  3.31858450e-01,
        4.43531178e+00, -2.88530930e+00, -4.54155147e+00,  1.38499968e+00,
        1.09678235e+00, -3.29930335e+00, -1.72829363e+00, -1.79531119e+00,
       -6.00980020e-01, -4.49812876e+00, -2.85388305e+00, -4.42264486e+00,
        3.70470092e+00,  5.66189736e+00,  8.84205227e+00, -2.86412430e-03,
        3.13225040e+00, -1.07163897e+00,  1.35637024e+00, -2.44767811e-01,
       -2.81277277e+00,  6.34371502e-02,  1.95286572e+00,  6.86272717e+00,
        4.39200235e+00,  5.48188229e+00, -2.46662991e+00,  1.70452648e+00,
        2.13875241e+00,  6.07493693e-02,  4.17173968e-01, -5.75090148e-01,
       -3.07836153e+00,  1.75869111e+00,  4.24826133e+00, -3.31556569e+00,
       -1.47087349e+00,  2.88268240e+00,  6.62764624e+00, -7.14680725e+00,
        2.57790386e+00, -1.71783213e+00, -6.33477603e+00, -2.95740809e+00,
       -5.92048448e+00, -6.51175952e+00,  3.47562442e+00, -2.42941009e+00,
       -3.43726282e+00, -1.79400904e+00, -1.65527788e+00, -5.96392665e+00,
        1.15415301e+00,  3.41359132e+00, -2.71780356e+00,  5.84045418e-01,
       -4.57961153e+00,  2.89708912e+00, -2.12867016e-01, -5.77578014e+00,
       -6.26850843e+00,  7.60535378e+00,  2.95816597e+00,  4.64381919e+00,
       -2.83585549e+00, -5.49038681e+00, -5.60340400e-02, -1.35260318e-01,
       -4.71466135e+00,  1.37983074e-01, -1.23319534e+00,  3.89741463e+00,
       -2.23945115e+00,  4.10356005e-02,  8.51553399e-01, -3.51539079e+00,
       -2.76178403e+00,  5.77709491e+00,  6.32219686e-01,  4.01901270e+00,
       -4.93966321e+00, -2.08043397e+00, -3.59131772e+00,  1.86422760e+00,
       -3.08818446e+00, -1.73423661e+00,  4.35513336e+00, -3.47378133e+00,
       -4.55152420e+00,  2.38378805e+00, -8.99688723e+00, -3.73338211e+00,
        3.05240287e-02, -2.86262293e-01,  3.96911529e+00,  7.03007161e-02,
        7.76668098e-01,  5.49287096e+00,  6.69019379e+00,  5.43228073e-01,
       -9.74843443e-01,  1.54986144e+00, -6.02682790e+00, -3.02048172e+00,
        3.58538524e+00,  5.43472378e+00, -6.19015872e+00, -4.73500029e-01,
        5.57371090e+00,  6.72912844e+00, -4.12906229e+00, -5.09041234e+00,
        1.23265952e-01,  9.44838079e-01, -3.14081596e+00, -3.20025099e+00,
        3.16404305e+00,  3.11564081e+00,  7.00693534e-01, -9.35112747e+00,
       -8.03978179e+00,  2.23888170e+00, -2.34358714e+00, -2.86717540e+00,
       -9.42097508e+00, -8.25709761e-01, -3.38939155e+00, -4.13032102e+00,
        2.66964046e+00, -5.58674925e+00, -7.61286278e-01, -3.40042980e+00,
        2.60329856e+00, -5.18274838e+00, -2.22263295e+00,  5.56674680e+00,
        7.58015469e+00,  3.20257553e+00, -4.67888110e-01,  2.16797140e+00,
       -6.49158949e+00, -3.10735661e+00, -4.98233340e+00,  3.65296897e+00,
        4.80448240e+00, -5.47310790e-01, -2.96716194e+00,  8.48855758e-01,
       -7.13034482e+00, -1.24104777e+00, -2.22320963e+00, -4.67874508e+00,
       -4.59356258e-01,  3.32619656e+00, -6.47415796e+00, -3.65983386e+00,
       -3.28352280e+00, -9.60068364e-01,  1.22137665e+00,  1.78473473e+00,
        3.25809624e+00,  2.82767704e+00,  3.85083250e+00,  5.83385867e+00,
       -2.54669584e+00,  2.56581680e+00,  1.22152398e+00,  1.70782168e+00,
        4.87592581e-01, -1.26651930e+00,  4.76684718e-01,  5.73177833e+00,
        1.12694169e+00,  1.67747221e+00,  7.20348596e+00,  8.10678054e+00,
       -4.10639246e-01,  1.95828477e+00,  3.27627177e+00, -4.09689802e+00,
        1.56742004e+00, -6.04477984e+00,  3.92834503e-01, -3.59090853e+00,
        1.90875228e+00,  6.43308000e-03,  3.54695931e+00,  5.81405539e+00,
        1.61738151e+00, -4.64964608e+00, -9.50446281e-01,  4.18379447e+00,
        4.90935415e+00, -2.84759990e+00,  5.95227768e-01,  1.51985334e+00,
        2.52071799e+00,  5.59037130e+00, -8.10725467e-01, -4.35167687e+00,
        4.06836811e+00, -3.15569479e+00,  1.58532926e+00,  2.59121703e-01,
        1.78298381e+00,  4.94528354e-03, -1.79634639e+00,  1.34648197e-01,
        5.83981956e+00, -6.08484309e-01, -3.16353984e+00,  4.64285407e+00,
       -2.03803816e+00,  1.39190077e+00, -3.12063872e+00, -1.58294067e+00,
       -4.47750044e+00,  2.84431533e+00, -1.74865200e+00,  5.48545904e+00,
       -4.36636563e-01,  6.93941393e+00,  2.62996643e+00,  4.92810856e+00,
        7.47497245e-03, -4.01501269e+00, -4.73833057e+00,  1.47271548e+00,
       -6.36031294e+00,  5.29183076e+00,  3.17481180e+00, -3.62365156e+00,
        7.87621493e+00, -1.99675701e+00, -7.63496894e-01,  5.46121408e+00,
        6.88509154e+00, -2.61860621e+00,  3.05829489e+00,  4.06432086e+00,
        2.91718378e+00,  2.17294405e-01,  5.77377146e+00,  3.21661726e+00,
        3.22083513e+00,  3.15990834e+00,  1.09941584e-02,  3.12975570e+00,
       -3.84697926e+00,  3.48667609e+00,  4.42381044e+00,  3.17248449e+00,
        6.22939158e-01, -5.15488936e+00, -2.95944795e+00, -3.19016741e+00,
       -1.76153589e+00,  6.05238825e+00,  1.06596552e+00, -1.30516582e+00,
        1.61069494e+00,  3.83628508e+00,  7.06285374e+00,  4.37055189e-02,
        5.24232488e-01, -3.09971684e-01,